# CleaveLand4 degradome density
# Fri Nov 16 23:48:00 PST 2018
# Degradome Reads:U_TnF2.fa
# Transcriptome:Tae.TGACv1.cdna.fixed.fa
# TranscriptomeCharacters:328404938
# Mean Degradome Read Size:20
# Estimated effective Transcriptome Size:325302598
# Category 0:44759
# Category 1:53045
# Category 2:475323
# Category 3:140868
# Category 4:3119329

## TEST 1: No significant cut sites in either treatment.
## TEST 1: No output.
@ID:TRIAE_CS42_U_TGACv1_642099_AA2111460.1
@LN:944
42	1	4
43	1	4
204	2	2
227	1	4
230	2	2
258	1	4
264	1	4
290	1	4
291	1	4
326	1	4
327	1	4
331	1	4
341	1	4
343	1	4
345	1	4
347	1	4
351	1	4
364	1	4
373	1	4
381	2	2
389	4	2
390	1	4
395	1	4
405	1	4
411	1	4
441	1	4
448	1	4
453	1	4
454	1	4
463	1	4
464	1	4
474	1	4
481	1	4
482	2	2
483	1	4
492	1	4
499	1	4
501	1	4
523	1	4
526	1	4
547	1	4
552	1	4
564	1	4
569	1	4
572	1	4
577	1	4
579	1	4
584	1	4
585	2	2
593	2	2
601	1	4
608	2	2
629	1	4
637	1	4
667	1	4
671	1	4
673	1	4
675	1	4
677	1	4
679	2	2
683	1	4
686	1	4
716	2	2
717	1	4
720	1	4
736	1	4
749	1	4
768	1	4
772	1	4
778	1	4
804	1	4
805	1	4
813	4	2
814	5	0
821	1	4
825	2	2
828	1	4
834	1	4
836	1	4
862	2	2

## TEST 2: Cut site with significant reads in Inf (pos 528); no reads at the cut site in Uninf.
## TEST 2: Output "TRIAE_CS42_7AS_TGACv1_569469_AA1816820.1	528"
@ID:TRIAE_CS42_7AS_TGACv1_569469_AA1816820.1
@LN:973
253	1	4
365	1	4
373	1	4
398	1	4
437	1	4
443	1	4
460	1	4
462	1	4
545	1	4
553	1	4
558	1	4
569	1	4
587	1	4
593	1	4
604	1	4

## TEST 3: Cut site with significant reads in both treatments (pos 402).
## TEST 3: No output.
@ID:TRIAE_CS42_U_TGACv1_642344_AA2116140.1
@LN:1151
6	1	4
14	1	4
15	1	4
16	2	2
28	3	1
29	1	4
30	2	2
50	1	4
52	2	2
59	1	4
74	2	2
75	2	2
84	1	4
161	1	4
200	1	4
216	1	4
226	1	4
255	1	4
271	1	4
315	1	4
331	1	4
339	1	4
355	1	4
365	1	4
381	1	4
397	1	4
402	24	0
413	1	4
457	1	4
509	1	4
518	1	4
527	1	4
528	1	4
538	1	4
570	1	4
639	1	4
640	1	4
641	1	4
643	1	4
659	1	4
662	1	4
668	1	4
673	1	4
674	1	4
690	1	4
703	1	4
710	1	4
738	1	4
740	1	4
743	1	4
746	1	4
756	1	4
758	1	4
760	1	4
775	1	4
796	1	4
800	1	4
858	3	1
863	1	4
879	1	4
885	1	4
899	1	4
907	1	4
921	1	4
931	1	4
939	1	4
975	1	4
1021	1	4
1022	1	4
1029	1	4
1038	3	1
1040	1	4
1058	1	4
1071	1	4
1079	2	2
1080	2	2
1082	1	4
1083	2	2
1088	1	4
1118	2	2
1126	1	4
1129	1	4
1131	1	4

## TEST 4: Significant reads at cut site (pos 883) in Inf; only one read at site in Uninf.
## TEST 4: Output: "TRIAE_CS42_5AL_TGACv1_376988_AA1243030.1	883"
@ID:TRIAE_CS42_5AL_TGACv1_376988_AA1243030.1
@LN:1109
258	2	2
463	1	4
573	1	4
578	1	4
623	1	4
669	1	4
761	2	2
764	1	4
765	2	2
767	1	4
772	1	4
779	1	4
781	1	4
785	1	4
792	2	2
793	5	0
798	2	2
806	1	4
818	1	4
822	1	4
833	1	4
837	1	4
852	1	4
854	1	4
863	1	4
871	1	4
872	1	4
875	1	4
881	2	2
883	1	4
887	1	4
899	1	4
907	1	4
911	2	2
916	1	4
945	1	4
951	1	4
957	1	4
958	1	4
968	1	4
972	1	4
991	2	2
993	1	4
994	1	4
996	1	4
997	1	4
998	1	4
999	1	4
1004	1	4
1005	1	4
1007	1	4
1010	1	4
1013	1	4
1018	1	4
1022	2	2
1034	2	2
1039	1	4
1042	1	4
1043	1	4
1045	1	4
1046	1	4
1052	1	4
1060	1	4
1061	1	4
1065	1	4
1066	1	4
1067	1	4
1068	1	4
1070	1	4
1071	1	4
1074	3	2
1076	1	4

## TEST 5: Significant reads at cut site (pos 231) in Inf; several reads in Uninf.
## TEST 5: No output.
@ID:TRIAE_CS42_4AS_TGACv1_307722_AA1023000.2
@LN:3117
99	1	4
231	4	1
361	1	4
410	1	4
427	1	4
543	1	4
614	1	4
1191	1	4
1222	1	4
1267	1	4
1284	1	4
1291	4	1
1345	1	4
1565	1	4
1601	1	4
1639	1	4
1686	1	4
1739	1	4
1749	1	4
1753	1	4
1754	1	4
1782	1	4
1844	1	4
1908	1	4
1924	1	4
2073	1	4
2083	1	4
2157	1	4
2187	1	4
2222	1	4
2235	1	4
2238	1	4
2239	1	4
2244	1	4
2246	1	4
2247	1	4

## TEST 6: Significant reads at cut site in Inf(pos 333); zero reads for the transcript in Uninf.
## TEST 6: Output: "TRIAE_CS42_1BL_TGACv1_035559_AA0146840.1	333"

## TEST 7: Cut site with significant reads in Inf (pos 2543); no reads at site in Uninf.
## TEST 7: Output: "TRIAE_CS42_5BL_TGACv1_404110_AA1284310.1  2543"
@ID:TRIAE_CS42_5BL_TGACv1_404110_AA1284310.1
@LN:2841
694	1	4
881	1	4
960	1	4
1187	1	4
1416	1	4
1418	1	4
1496	1	4
1509	1	4
1575	1	4
1615	1	4
1641	1	4
1650	1	4
1727	1	4
1767	1	4
1770	1	4
1773	1	4
1781	2	2
1818	1	4
1824	1	4
1852	1	4
1884	1	4
1891	1	4
1899	1	4
1979	1	4
1984	1	4
2027	1	4
2053	1	4
2067	1	4
2090	1	4
2094	1	4
2095	1	4
2144	1	4
2158	1	4
2172	1	4
2214	1	4
2219	1	4
2236	1	4
2271	1	4
2272	1	4
2287	1	4
2293	1	4
2297	1	4
2299	1	4
2312	1	4
2313	1	4
2316	1	4
2321	1	4
2324	1	4
2328	1	4
2335	1	4
2342	1	4
2353	1	4
2356	1	4
2376	1	4
2391	1	4
2395	1	4
2405	1	4
2406	1	4
2427	2	2
2430	1	4
2434	1	4
2435	1	4
2436	1	4
2442	1	4
2448	1	4
2449	2	2
2455	1	4
2459	1	4
2470	1	4
2471	1	4
2476	1	4
2477	2	2
2478	1	4
2481	1	4
2486	1	4
2487	1	4
2490	1	4
2511	3	0
2512	1	4
2526	1	4
2535	1	4
2544	1	4
2545	1	4
2547	1	4
2558	1	4
2574	1	4
2582	2	2
2585	1	4
2611	1	4
2616	1	4
2632	1	4
2650	1	4
2666	1	4
2682	2	2
2684	1	4
2685	1	4
2687	1	4
2698	1	4
